
0.01232868
-0.02652396
0.1098666
0.07377642
0.01549435
0.06676529
0.01484864
0.04552756
-0.01122428
0.02035795
0.008952743
-0.03364713
0.007288389
0.02602509
0.04546061
0.0412966
-0.01233007
-0.03020568
0.02788111
0.03841027
0.03030668
-0.01203322
0.03028112
0.0133613
-0.01349485
-0.02233554
0.008957097
-0.009990381
-0.001773076
0.01308196
0.06115609
0.01696605
0.01215603
0.06300103
0.0204014
0.01878906
0.005857274
0.01029648
0.07931034
0.04862757
0.004608494
0.01892263
0.03364705
-0.007562807
-0.03604491
0.0001498159
0.05865874
0.02793469
0.02303027
0.01140975
0.04265298
0.02727298
-0.05170157
0.0184755
0.04162323
0.01480746
0.01504092
-0.01286411
0.00619342
0.07182979
0.02595352
-0.02066803
-0.004593782
0.02092991
0.05913919
0.02570943
0.05238374
0.02330405
0.01281913
-0.003116396
-0.003355442
0.0446935
0.02939709
0.02590612
0.02064282
-0.004575349
0.04218455
0.06959425
0.008406848
0.0381008
-0.03639095
-0.03015734
0.0452314
0.01568997
0.008043321
0.05969759
0.04303571
0.02686177
0.001654543
0.004647503
0.03024106
-0.002394694
-0.007691118
0.03270034
0.03828135
-0.007139856
0.08162777
-0.0249674
-0.01112086
0.02887012
0.01208394
0.01341544
0.00409307
0.04474702
-0.02175561
0.04687619
-0.009380059
0.03258835
0.003170934
0.02272134
0.01272791
0.01806957
0.008016905
0.02155361
0.03029992
0.02084043
-0.00858301
0.04312859
0.03945211
0.04069445
0.01036327
-0.04411393
0.0105145
-0.02433988
0.03387833
-0.02442253
0.03884021
-0.0003343192
-0.0007052239
0.01058328
0.05237124
-0.03697497
-0.02202169
0.03177031
0.02487408
-0.005260595
0.03924835
0.06144081
-0.002870979
0.01317853
-0.02926811
-0.02516906
-0.02667197
0.02460283
0.01937644
0.01081704
0.06114615
0.04693236
0.01358469
-0.01836651
0.02206166
0.02391122
0.01851168
0.03454097
0.03649609
-0.003116811
0.02337545
0.03678613
0.05520152
0.02255875
-0.002331974
-0.003486343
0.002559886
0.04664756
-0.005322873
-0.04015466
-0.03176385
0.03193712
-0.01357108
0.02732006
0.03949086
0.003996067
0.03250002
0.02987527
0.0219552
0.04596776
-0.005121383
0.01597099
0.03243266
0.005520171
-0.02796421
0.05303666
0.01999639
0.03825186
0.01533858
0.0219693
0.06718578
0.006788449
-0.01454313
0.03415828
0.002964667
-0.01985682
-1.416418e-05
-0.0244761
0.01413009
0.008877758
0.03200264
0.008047009
0.0514569
0.01728606
0.02071918
0.01687038
0.019698
0.01802479
0.03971462
-0.02476603
0.000176131
0.01773909
0.01361306
0.0736073
-0.02410087
-0.0363876
0.07045048
0.06006754
0.03625045
0.02325271
-0.02799489
0.04646281
0.04228109
-0.01010699
0.02829169
0.03508375
0.06498888
0.07325527
0.03920221
0.04051135
0.02960159
-0.02367741
0.005180754
0.006017201
0.05492823
0.07258524
0.03037148
-0.01354874
0.03043424
0.05641665
0.01231328
-0.02994216
0.05100599
0.008764681
0.01427464
0.07133687
-0.0009257624
0.03587137
0.01580558
0.03128924
0.001258307
-0.007120337
-0.02076752
0.01729222
0.05153107
0.001844542
0.03625459
0.03823623
0.01847538
-0.01179431
-0.02466238
0.03744619
-0.01569897
0.01997478
0.005989426
-0.01323927
-0.01018162
0.02639026
0.01314567
0.03671612
0.01679218
0.03656076
0.04863984
0.0209619
0.07980256
0.01548116
0.05638605
-0.008134737
0.0230851
0.01129672
0.01293951
-0.03549217
-0.007949639
0.002867986
-0.01084762
0.003278549
0.08445568
0.06246408
0.03321627
0.005000362
-0.02326529
0.0005418641
0.01023511
0.03336877
0.008088443
0.03323532
-0.03598338
0.02646029
0.01688317
-0.002167896
0.01901445
-0.004353827
-0.002790704
-0.01416586
0.062155
0.03804893
-0.0296319
-0.01147484
0.05202742
0.03793129
0.02280252
0.0177914
-0.02705843
0.04436954
-0.01615256
0.002307577
0.01651899
0.007385113
0.007590971
0.01603092
0.05154691
0.03114723
0.02790555
0.04496998
0.01030159
0.03982717
-0.03301192
0.008861375
0.07678219
0.01381673
0.01965387
-0.005764494
-0.01002857
0.01694378
-0.004111
0.02675357
0.02001103
0.02044648
0.005445752
-0.009445118
0.07383031
0.01739883
0.04696906
0.00622406
0.0162033
-0.01664174
0.01829474
0.05477886
0.05156957
0.01489215
0.006675409
0.00918987
0.03691051
0.0267492
0.03398358
0.007134422
0.009963915
0.00389883
0.061583
0.06116391
0.02216012
0.05380072
0.0520255
0.01805252
0.04102771
0.03003844
0.03077417
0.02329062
0.08763582
0.001806149
0.04315534
0.04108408
-0.02012881
0.01876118
0.00847028
0.04930189
0.03746254
-0.02788844
-0.01487587
0.05189391
0.05816251
0.0457613
0.01176687
0.03346835
0.01661818
0.0171656
0.03431086
-0.01185895
0.01061802
0.056877
0.03957364
0.02845857
0.00457496
-0.01509371
0.05173026
0.01871846
-0.0005387148
-2.638726e-05
0.02724439
0.05070765
-0.005164517
-0.03598346
0.03112556
0.0220634
-0.01686923
-0.00623407
0.01600015
-0.01205625
-0.0002061346
0.0322912
-0.04648533
-0.009545498
0.002236371
0.004038966
0.0009796435
0.02112012
0.0938941
-0.0273865
0.009923785
0.07850122
0.01201123
0.01631299
0.0414034
0.04118428
0.02660481
-0.001909582
0.02532026
-0.0316271
-0.00635611
0.06053929
0.05304455
0.1007042
0.03365712
-0.04599982
0.02464366
0.05285649
0.07469132
0.0738059
0.03129395
0.01236106
0.03309597
0.03148941
0.02639421
-0.02733586
0.02340464
0.04208906
0.02927958
0.008296705
0.06172592
-0.01227672
0.009991905
0.03017546
0.0219686
0.05219979
0.06240521
0.01311996
0.009166355
-0.001945228
-0.02382784
0.0001038252
0.008946369
0.06422178
0.002496754
0.001454954
-0.001665214
0.0252164
0.01058026
0.03540015
0.03335772
-0.02178167
0.03950215
0.04185778
0.02730539
0.01205427
0.07367561
0.008121397
-0.06400109
0.08814786
0.01005476
-0.01149326
-0.00425679
0.04552739
0.02553244
0.03920505
0.00379314
-0.01202908
0.0517612
0.01253024
-0.03649915
-0.0008758319
-0.0303522
0.03497608
0.02987691
0.01856862
0.01799528
0.07081104
0.01493346
0.04594574
-0.04597276
0.03262425
0.02613421
-0.009850046
0.04119059
0.04156657
0.002499898
-0.01244001
-0.008263298
0.02817817
0.02360946
0.01038433
0.0006800769
0.02696787
-0.002296993
0.05982287
-0.009795261
0.03207645
0.01205823
-0.003999057
-0.009440772
-0.05169959
0.06700767
0.03293001
-0.005073851
0.01863007
0.02523762
-0.004229291
0.0246544
0.03017372
0.04432955
0.07863148
0.04252617
0.003696294
0.0680712
-0.02121976
0.0736846
0.01484683
0.04438516
0.02830497
0.01966295
-0.02236097
0.000154031
0.01642183
0.02340885
-0.01408988
0.02014239
-0.02464067
0.06420262
0.03699137
0.03050081
0.006287745
0.01726593
0.00474642
0.03252188
-0.01854563
-0.001840201
0.008054392
0.02671835
-0.01577117
0.03078485
0.07101391
-0.01821426
0.01187526
-0.01965619
0.02864418
-0.01430665
-0.01567522
0.02012036
-0.01989717
0.03680698
-0.008419521
0.02294854
0.006909819
-0.00976778
-0.000144277
0.01997473
0.003377645
0.08542843
0.01177602
0.03693016
0.05646161
0.006861333
0.01270437
0.05626595
0.04897743
-0.02797724
0.03788127
0.01345533
0.01703412
0.03199713
-0.008312581
-0.004675502
-0.02403283
0.03746881
-0.01150057
-0.02051943
0.02392723
0.004837763
0.02690895
-0.001480244
0.04517421
0.01350333
-0.004006363
0.01273964
0.02440957
