0.007629463
-0.01235601
-0.01577814
-0.01705511
-0.004717717
-0.02069857
-0.008434835
-0.001312285
-0.002443519
0.00302897
-0.00120911
0.001899028
-0.004638995
-0.004082672
-0.01152632
-0.01196115
-0.01120473
0.002777361
-0.01500562
-0.008850332
-0.01720537
0.0127891
-0.009008295
0.00492793
-0.01435833
-0.008228428
0.002383678
0.00148384
-0.002966876
-0.01808021
-0.01070294
-0.00350716
-0.009026043
-0.03009358
-0.003754988
-0.02237855
-0.0008501468
-0.02211208
-0.01262933
-0.002023123
-0.01881234
-0.0009607197
-0.00685986
-0.0003085839
-0.005374187
-0.007058607
-0.02664545
-0.01522572
-0.004868906
-0.003285148
-0.009387961
-0.009561149
-0.002770954
-0.0113615
-0.01524004
-0.02093576
-0.0009762477
0.004687906
-0.01217719
-0.003986015
-0.01754128
-0.01361393
-0.0005033355
-0.01626152
-0.003138708
-0.005760863
-0.0170961
-0.02376861
-0.01170832
-0.007877721
-0.008891789
-0.01512073
-0.006995397
-0.01151282
-0.003550733
-0.001504901
-0.005343844
-0.01445167
-0.00605185
-0.008956507
-0.00601432
0.00864733
-0.02231973
-0.0106797
-0.01657879
-0.01549234
-0.01687425
-0.01616872
-0.006474586
-0.005517483
-0.006529078
-0.01635481
-0.00301283
-0.007303972
-0.01236281
-0.005747543
-0.01384768
0.006599943
0.01048826
0.001200237
-0.02374134
-0.01842224
-0.003913886
0.001765232
0.003809373
-0.02285368
-0.005372307
-0.00107004
3.125794e-05
-0.01325297
-0.0004072731
-0.00841832
-0.0145296
-0.009506463
-0.005959697
-0.004158827
-0.0183639
0.003137196
-0.01416338
-0.007391311
0.004150202
-0.0008552463
-0.01141645
-0.00383584
-0.006112552
0.0004856476
-0.002403264
0.002749422
-0.01392571
-0.008142765
-0.01896923
0.005893489
-0.0008766641
-0.01425681
-0.009151493
0.006559888
-0.002612846
-0.003038067
-0.006105543
-0.01500167
-0.006029724
-0.01984064
0.02380043
-0.01329819
-0.00603601
-0.01751091
-0.01397659
-0.01126581
-0.00151086
-0.00584573
-0.01866262
-0.003365697
-0.007597479
-0.001844601
-0.005139573
0.01631907
0.009451067
-0.01213296
-0.006864026
-0.00856964
-0.01731628
-0.004862421
-0.008963531
0.005374121
-0.01134672
-0.003360626
-0.003393344
-0.008661137
-0.004410688
0.0003336825
-0.007571203
-0.008205549
-0.007905209
-0.01713244
-0.01846053
-0.0219337
-0.003506831
-0.01940321
-0.009471588
-0.007516019
-0.01526308
-0.0001110089
-0.01235943
-0.01842142
-0.01210459
-0.002206995
-0.01348507
-0.002683194
-0.00785398
-0.02468423
-0.002519355
-0.01634339
-0.00248361
0.003767424
-0.0009794907
-0.01194743
-0.01343148
-0.01580951
-0.01652017
-0.0003910928
-0.004173854
-0.01567728
-0.001698607
-0.01651546
-0.01418357
-0.01013516
0.001317287
-0.01523201
-0.0101949
-0.02200733
-0.008891503
0.006553683
-0.03154756
-0.006684221
-0.0144653
-0.009998731
-0.01138418
-0.01029831
-0.01275237
-0.008597262
-0.0168473
-0.00796582
-0.006497719
-0.01163306
-0.007886504
-0.008534024
0.01026158
-0.005303485
-0.00304113
-0.002346964
-0.01474801
-0.01718535
-0.01042338
-0.000563879
-0.02036655
-0.007048102
0.001825849
-0.00509421
-0.007235794
-0.005649968
-0.01117211
-0.01816035
-0.02270939
-0.01822036
-0.01870865
0.0002762641
-0.01076328
0.002407618
0.02017198
-0.01064273
-0.01328116
-0.0001778043
-0.01606006
-0.005597038
0.006236929
-0.01277444
-0.01357209
0.006652643
0.007198284
6.546306e-05
-0.007839914
-0.02766783
-8.24339e-05
-0.004595504
-0.01902506
-0.007450588
-0.009896746
-0.009871353
-0.0166527
-0.007683602
-0.0210048
-0.01423483
-0.01486244
-0.001544851
-0.007815165
-0.004361724
-0.01550418
-0.02711151
-0.006437651
-0.01516344
-0.003327312
-0.01127714
-0.01514763
-0.01922616
-0.005785535
-0.01112465
-0.009199376
-0.004450071
-0.001743543
-0.01205407
-0.02028705
0.0003960992
0.003493535
-0.006329446
0.008914627
-0.009031075
-0.01179972
0.004887065
-0.01137567
0.009630881
-0.007750047
-0.002110904
-0.001498408
-0.006277414
-0.01342426
-0.004815977
-0.01425747
-0.0151835
-0.02027473
-0.01305687
-0.002423565
0.007747648
0.007789531
-0.006362219
-0.007402825
-0.0006499339
-0.01169196
-0.01587918
0.0007799589
-0.01973344
0.00155079
-0.01311399
-0.005003641
0.004645152
-9.423982e-05
-0.01082904
-0.009480333
-0.005297587
0.011099
-0.005586754
-0.00802795
-0.02286098
-0.006088258
0.001867057
-0.001159031
-0.01597374
-0.008500586
-0.02557896
-0.01160926
0.003979824
-0.001855439
0.0136345
0.001100379
-0.01573506
-0.01746328
-0.004662986
0.0008226661
0.005249318
-0.01207097
-0.02474468
-0.008211507
-0.003574345
0.002594993
-0.01395239
-0.008193949
0.009165235
-0.02545049
-0.006679413
-0.01106126
-0.02143822
0.001463892
-0.01002561
-0.007705329
-0.02879631
-0.01698547
-0.02917382
-0.01657823
-0.01712755
-0.01451516
-0.003793316
0.001349069
-0.01361434
-0.003810448
-0.01167012
-0.002516701
-0.01329172
-0.01021915
-0.01478256
-0.001317015
-0.01459351
-0.01412366
-0.01398357
-0.02525053
-0.01451795
-0.02317061
-0.007228882
-0.01091106
-0.001920652
-0.008652323
-0.007649438
-0.01190057
-0.007779623
-0.02355808
-0.003433104
-0.001843895
-0.02015607
-0.005415339
-0.007275595
-0.008041358
-0.01669369
-0.0003029135
0.001354439
-0.01012987
-0.001791379
0.0005556228
-0.0071761
-0.01910799
-0.009885802
-0.01357886
-0.01417996
-0.02061168
-0.01360509
-0.01089519
0.003949142
-0.006343982
-0.02606601
-0.01699679
0.003675662
-0.01574275
-0.01743137
-0.01119087
-0.0127775
-0.006247726
-0.007510052
-0.004266769
0.002079809
-0.01266083
-0.0154541
-0.005552836
-0.01526939
0.007149775
-0.02548328
-0.01737673
-0.03148035
-0.01843859
-0.00498268
-0.003036683
-0.01809712
-0.0002613453
0.004984423
-0.002370482
-0.02482807
-0.02233015
-0.009427178
-0.01345238
0.002199233
-0.01389526
-0.007982555
-0.00225178
-0.02645955
-0.0153349
-0.00592727
-0.002065841
-0.01025727
0.003318912
0.002040664
0.008791729
0.003722413
0.01380882
-0.01360732
-0.02459852
-0.01394203
0.01104698
-0.0174285
-0.005517282
0.002125295
-0.02151717
-0.0139888
-0.0008259791
-0.01504111
-0.01512839
-0.004932338
-0.002244742
-0.02921131
0.01002635
-0.01336761
0.003582909
-0.006703547
-0.001621954
-0.02273344
-0.003780288
0.0003782912
-0.005303687
0.000699568
0.02009702
-0.0005128558
-0.006016478
1.35505e-05
-0.01224896
-0.01057023
0.0005048626
-0.005128976
-0.0263046
-0.01017599
-0.006517715
-0.00143379
-0.01232127
-0.00237454
-0.006714632
-0.01337236
-0.01800587
-0.005711614
0.009204892
-0.01101697
-0.006918947
-0.009821991
-0.01275222
-0.006656837
0.003271387
0.002785626
-0.004709168
-0.01049028
-0.009566805
-0.008726112
-0.008461516
-0.006295083
-0.02546463
-0.01170253
-0.01838194
-0.006973962
-0.01847632
-0.001138865
-0.005753673
-0.005385262
-0.02272862
-0.00463219
-0.01805168
-0.02059764
-0.03103827
-0.00732851
-0.003407772
-0.02318278
0.002875002
-0.01046158
-0.01408361
-0.01936191
-0.0009490035
-0.004942968
-0.02717897
0.007089775
-0.004694483
-0.003584405
-0.00890205
0.001153561
-0.007404497
-0.004640742
0.008498136
0.002556975
-0.02037823
0.001997151
-0.00734913
-0.005503191
-0.01593751
0.003794536
-0.008327083
-0.02537657
0.001757371
-0.01540575
-0.003606141
-0.005307697
-0.00135786
-0.002224125
-0.008689739
-0.01450304
-0.02311854
-0.001060302
-0.005723935
-0.0005423335
0.00772349
0.001627709
-0.0159397
0.004183729
-0.02574496
0.005118407
-0.02302058
-0.01835732
-0.01257807
-0.02036564
-0.008845458
-0.02205333
-0.005455979
-0.01107247
-0.003093701
-0.01614213
-0.02081493
0.0165024
-0.005433561
-0.006077945
-0.01634059
-0.007150446
-0.01483625
-0.009451279
-0.01065682
-0.008303601
-0.01509026
-0.007324828
0.0101258
-0.0107947
-0.002902983
-0.003721143
